51.jpg,163,85,227,149
95.jpg,70,92,134,156
84.jpg,200,316,264,380
118.jpg,126,227,190,291
115.jpg,74,345,138,409
33.jpg,80,22,144,86
58.jpg,18,382,82,446
119.jpg,114,205,178,269
38.jpg,230,95,294,159
8.jpg,80,288,144,352
47.jpg,3,60,67,124
131.jpg,179,352,243,416
48.jpg,5,262,69,326
130.jpg,178,41,242,105
93.jpg,55,362,119,426
50.jpg,221,168,285,232
112.jpg,242,180,306,244
121.jpg,252,80,316,144
97.jpg,107,338,171,402
120.jpg,200,377,264,441
99.jpg,141,149,205,213
82.jpg,9,261,73,325
54.jpg,212,303,276,367
74.jpg,37,92,101,156
78.jpg,126,337,190,401
128.jpg,64,308,128,372
83.jpg,37,254,101,318
75.jpg,211,350,275,414
37.jpg,184,384,248,448
86.jpg,40,83,104,147
45.jpg,111,401,175,465
110.jpg,156,242,220,306
113.jpg,131,220,195,284
61.jpg,80,132,144,196
100.jpg,246,369,310,433
132.jpg,113,109,177,173
12.jpg,248,58,312,122
129.jpg,55,61,119,125
6.jpg,221,141,285,205
76.jpg,199,367,263,431
89.jpg,86,100,150,164
117.jpg,40,286,104,350
85.jpg,50,58,114,122
22.jpg,154,66,218,130
116.jpg,225,188,289,252
88.jpg,74,124,138,188
42.jpg,233,340,297,404
36.jpg,212,379,276,443
66.jpg,144,367,208,431
104.jpg,50,330,114,394
81.jpg,251,212,315,276
77.jpg,132,183,196,247
126.jpg,42,188,106,252
52.jpg,59,234,123,298
68.jpg,12,14,76,78
4.jpg,166,293,230,357
72.jpg,89,303,153,367
122.jpg,231,75,295,139
57.jpg,171,401,235,465
69.jpg,191,87,255,151
20.jpg,222,137,286,201
123.jpg,141,198,205,262
109.jpg,52,367,116,431
40.jpg,175,305,239,369
80.jpg,58,343,122,407
43.jpg,93,294,157,358
71.jpg,206,384,270,448
64.jpg,240,100,304,164
67.jpg,239,0,303,54
106.jpg,92,296,156,360
92.jpg,197,281,261,345
114.jpg,188,360,252,424
103.jpg,218,90,282,154
26.jpg,209,92,273,156
111.jpg,203,191,267,255
63.jpg,240,115,304,179
3.jpg,194,303,258,367
49.jpg,178,391,242,455
62.jpg,48,43,112,107
53.jpg,0,132,57,196
10.jpg,110,208,174,272
73.jpg,142,200,206,264
70.jpg,48,174,112,238
98.jpg,230,235,294,299
87.jpg,61,110,125,174
46.jpg,117,223,181,287
0.jpg,12,374,76,438
34.jpg,71,102,135,166
18.jpg,80,294,144,358
39.jpg,76,266,140,330
108.jpg,129,205,193,269
31.jpg,74,283,138,347
102.jpg,172,190,236,254
17.jpg,132,213,196,277
9.jpg,61,147,125,211
16.jpg,74,252,138,316
25.jpg,50,245,114,309
29.jpg,86,71,150,135
127.jpg,261,78,325,142
11.jpg,194,367,258,431
32.jpg,9,281,73,345
133.jpg,33,83,97,147
94.jpg,113,134,177,198
55.jpg,120,127,184,191
41.jpg,205,58,269,122
91.jpg,40,215,104,279
5.jpg,37,382,101,446
44.jpg,144,26,208,90
90.jpg,135,98,199,162
59.jpg,200,134,264,198
23.jpg,169,171,233,235
35.jpg,173,178,237,242
101.jpg,179,66,243,130
30.jpg,89,41,153,105
125.jpg,240,403,304,467
7.jpg,24,26,88,90
24.jpg,67,369,131,433
105.jpg,243,251,307,315
14.jpg,86,73,150,137
107.jpg,122,82,186,146
1.jpg,24,394,88,458
27.jpg,67,274,131,338
13.jpg,58,154,122,218
96.jpg,243,198,307,262